[gd_scene load_steps=55 format=3 uid="uid://dxhhdauuopfmj"]

[ext_resource type="PackedScene" uid="uid://b23o1kf0arccq" path="res://Chicken.glb" id="1_kgqac"]
[ext_resource type="Script" uid="uid://nd5l8ocm7cud" path="res://scripts/metadata.gd" id="2_vx6px"]
[ext_resource type="PackedScene" uid="uid://y0mg523veid7" path="res://Sheep.glb" id="3_oyhbj"]
[ext_resource type="PackedScene" uid="uid://cgwfirulao1f2" path="res://Cow.glb" id="4_lgjvw"]
[ext_resource type="PackedScene" uid="uid://ckatidfhcngcm" path="res://Pig.glb" id="5_n8hyc"]
[ext_resource type="PackedScene" uid="uid://bce63wvjpsvuu" path="res://BlueBox.glb" id="6_4x2ic"]
[ext_resource type="PackedScene" uid="uid://ddgebfd8gq3xi" path="res://BlackBox.glb" id="6_eiivm"]
[ext_resource type="PackedScene" uid="uid://c2wgkhcrkjfma" path="res://RedBox.glb" id="6_vx6px"]
[ext_resource type="PackedScene" uid="uid://clleqkkktss8l" path="res://RedPressurePlate.glb" id="7_eiivm"]
[ext_resource type="PackedScene" uid="uid://x82kfjjskjs1" path="res://Silo.glb" id="7_p4ecc"]
[ext_resource type="PackedScene" uid="uid://jgt1l50by4df" path="res://pinPad.glb" id="8_p4ecc"]
[ext_resource type="PackedScene" uid="uid://cwtr4ir66vtwn" path="res://BrownBox.glb" id="9_4x2ic"]
[ext_resource type="PackedScene" uid="uid://yu0c1w82lw0p" path="res://PressurePlate.glb" id="9_576va"]
[ext_resource type="PackedScene" uid="uid://ciebm0rfyisrl" path="res://AnimalNote.glb" id="10_0eu5p"]
[ext_resource type="PackedScene" uid="uid://be1o4p7heavg2" path="res://MetalBox.glb" id="10_576va"]
[ext_resource type="PackedScene" uid="uid://bieetl7eoid5f" path="res://Note.glb" id="13_p4ecc"]

[sub_resource type="BoxShape3D" id="BoxShape3D_0eu5p"]
margin = 0.0
size = Vector3(0.5, 0.5, 0.5)

[sub_resource type="BoxShape3D" id="BoxShape3D_fy7lv"]
size = Vector3(1.04007, 1.23041, 1.33936)

[sub_resource type="BoxShape3D" id="BoxShape3D_d5lf1"]
margin = 0.0
size = Vector3(0.722076, 1.36316, 1.61292)

[sub_resource type="BoxShape3D" id="BoxShape3D_vjnbm"]
margin = 0.0
size = Vector3(0.615295, 1, 1.15295)

[sub_resource type="BoxShape3D" id="BoxShape3D_qp7ar"]
size = Vector3(2.05261, 2.02582, 2.03455)

[sub_resource type="BoxShape3D" id="BoxShape3D_r0sd0"]
size = Vector3(2.00842, 2.02136, 2.00659)

[sub_resource type="BoxShape3D" id="BoxShape3D_cdqv8"]
size = Vector3(1.65008, 0.601104, 2.44588)

[sub_resource type="BoxShape3D" id="BoxShape3D_rg6vh"]
size = Vector3(3.1969, 1.6347, 3.19019)

[sub_resource type="BoxShape3D" id="BoxShape3D_lj4n0"]
size = Vector3(2.19629, 2.01836, 0.0556641)

[sub_resource type="BoxShape3D" id="BoxShape3D_vb4ye"]
size = Vector3(2.3775, 5.38623, 0.618286)

[sub_resource type="BoxShape3D" id="BoxShape3D_ks1cf"]

[sub_resource type="BoxShape3D" id="BoxShape3D_ggkhe"]

[sub_resource type="BoxShape3D" id="BoxShape3D_amo6k"]
size = Vector3(2.00964, 2.01031, 2.03882)

[sub_resource type="BoxShape3D" id="BoxShape3D_ibitd"]
size = Vector3(1.00073, 24.3907, 1.00014)

[sub_resource type="BoxShape3D" id="BoxShape3D_wos53"]
size = Vector3(1, 165.406, 17.1353)

[sub_resource type="BoxShape3D" id="BoxShape3D_jwwhv"]
size = Vector3(1, 165.406, 24.133)

[sub_resource type="BoxShape3D" id="BoxShape3D_kgqac"]
size = Vector3(12.2024, 1.72656, 19.8007)

[sub_resource type="BoxShape3D" id="BoxShape3D_vx6px"]
size = Vector3(11.4904, 1.72656, 17.6041)

[sub_resource type="BoxShape3D" id="BoxShape3D_oyhbj"]
size = Vector3(11.4904, 1.72656, 16.5604)

[sub_resource type="BoxShape3D" id="BoxShape3D_lgjvw"]
size = Vector3(11.4625, 16.2622, 25.4631)

[sub_resource type="BoxShape3D" id="BoxShape3D_n8hyc"]
size = Vector3(9.32977, 1, 6.64154)

[sub_resource type="BoxShape3D" id="BoxShape3D_eiivm"]
size = Vector3(8.56445, 1, 33.3019)

[sub_resource type="BoxShape3D" id="BoxShape3D_p4ecc"]
size = Vector3(12.2378, 0.998505, 25.5457)

[sub_resource type="BoxShape3D" id="BoxShape3D_lv4m7"]
size = Vector3(12.2378, 8.87682, 0.796893)

[sub_resource type="BoxShape3D" id="BoxShape3D_k7hc1"]
size = Vector3(1.61426, 10.1134, 23.5825)

[sub_resource type="BoxShape3D" id="BoxShape3D_t0ole"]
size = Vector3(10.4977, 1.31006, 19.2172)

[sub_resource type="BoxShape3D" id="BoxShape3D_hxl1v"]
size = Vector3(51.8063, 1, 6.58032)

[sub_resource type="BoxShape3D" id="BoxShape3D_6x4ax"]
size = Vector3(8.75439, 1, 2.92467)

[sub_resource type="BoxShape3D" id="BoxShape3D_qw01e"]
size = Vector3(80.5247, 1.4093, 25.5901)

[sub_resource type="BoxShape3D" id="BoxShape3D_spo3q"]
size = Vector3(69.1506, 0.671569, 32.7969)

[sub_resource type="BoxShape3D" id="BoxShape3D_hka4g"]
size = Vector3(50.4494, 0.413634, 25.5901)

[sub_resource type="BoxShape3D" id="BoxShape3D_7v052"]
size = Vector3(80.5247, 4.01175, 1.77199)

[sub_resource type="BoxShape3D" id="BoxShape3D_6j65p"]
size = Vector3(6.53469, 1.72656, 49.0485)

[sub_resource type="BoxShape3D" id="BoxShape3D_wxxye"]
size = Vector3(6.48294, 3.47998, 1.36687)

[sub_resource type="BoxShape3D" id="BoxShape3D_j4w2w"]
size = Vector3(12.4366, 1.72656, 20.5683)

[sub_resource type="BoxShape3D" id="BoxShape3D_khuaj"]
size = Vector3(12.1055, 1.72656, 18.2514)

[sub_resource type="BoxShape3D" id="BoxShape3D_i0oet"]
size = Vector3(13.2899, 1.56934, 19.2019)

[sub_resource type="BoxShape3D" id="BoxShape3D_mirh3"]
size = Vector3(51.1888, 1.2063, 6.17532)

[node name="Level 0" type="Node3D"]

[node name="Chicken" parent="." instance=ExtResource("1_kgqac")]
transform = Transform3D(3, 0, 0, 0, 3, 0, 0, 0, 3, 5.62678, 0.86553, -3)
script = ExtResource("2_vx6px")
interaction = "NONE"
model_path = "../resources/objects/chicken/Chicken.obj"

[node name="CollisionShape3D" type="CollisionShape3D" parent="Chicken"]
transform = Transform3D(1, 0, 0, 0, 1, 0, 0, 0, 1, 0.000535727, 0.225797, 0.0468507)
shape = SubResource("BoxShape3D_0eu5p")

[node name="Sheep" parent="." instance=ExtResource("3_oyhbj")]
transform = Transform3D(2.5, 0, 0, 0, 2.5, 0, 0, 0, 2.5, 2, 0.9, -3)
script = ExtResource("2_vx6px")
interaction = "NONE"
model_path = "../resources/objects/Sheep/Sheep.obj"

[node name="CollisionShape3D" type="CollisionShape3D" parent="Sheep"]
transform = Transform3D(1, 0, 0, 0, 1, 0, 0, 0, 1, 0, 0.615, 0.053)
shape = SubResource("BoxShape3D_fy7lv")

[node name="Cow" parent="." instance=ExtResource("4_lgjvw")]
transform = Transform3D(2.5, 0, 0, 0, 2.5, 0, 0, 0, 2.5, -4.98924, 1.09321, -2.85237)
script = ExtResource("2_vx6px")
interaction = "NONE"
model_path = "../resources/objects/cow/Cow.obj"

[node name="CollisionShape3D" type="CollisionShape3D" parent="Cow"]
transform = Transform3D(1, 0, 0, 0, 1, 0, 0, 0, 1, 0, 0.682, -0.082)
shape = SubResource("BoxShape3D_d5lf1")

[node name="Pig" parent="." instance=ExtResource("5_n8hyc")]
transform = Transform3D(2.5, 0, 0, 0, 2.5, 0, 0, 0, 2.5, -2, 0.9, -3)
script = ExtResource("2_vx6px")
interaction = "NONE"
model_path = "../resources/objects/Pig/Pig.obj"

[node name="CollisionShape3D" type="CollisionShape3D" parent="Pig"]
transform = Transform3D(1, 0, 0, 0, 1, 0, 0, 0, 1, 0, 0.5, -0.005)
shape = SubResource("BoxShape3D_vjnbm")

[node name="BlueBox" parent="." instance=ExtResource("6_4x2ic")]
transform = Transform3D(1.22277, 0, -0.868814, 0, 1.5, 0, 0.868814, 0, 1.22277, -7.417, 0.835195, 17.4865)
script = ExtResource("2_vx6px")
interaction = "PICKUP"
model_path = "../resources/objects/box/BlueBox.obj"

[node name="CollisionShape3D" type="CollisionShape3D" parent="BlueBox"]
transform = Transform3D(0.99998, 0, 0, 0, 1, 0, 0, 0, 0.99998, -0.086977, 1.00748, -0.00518894)
shape = SubResource("BoxShape3D_qp7ar")

[node name="RedBox" parent="." instance=ExtResource("6_vx6px")]
transform = Transform3D(1.5, 0, 0, 0, 1.5, 0, 0, 0, 1.5, 2.76653, 42.8913, 20.0423)
script = ExtResource("2_vx6px")
interaction = "PICKUP"
model_path = "../resources/objects/box/RedBox.obj"

[node name="CollisionShape3D" type="CollisionShape3D" parent="RedBox"]
transform = Transform3D(1, 0, 0, 0, 1, 0, 0, 0, 1, 0.000793457, 0.997305, 0.000854492)
shape = SubResource("BoxShape3D_r0sd0")

[node name="GreenBox" parent="." instance=ExtResource("6_4x2ic")]
transform = Transform3D(1.48299, 0, 0.225261, 0, 1.5, 0, -0.225261, 0, 1.48299, 13.0778, 103.976, 14.8122)
script = ExtResource("2_vx6px")
interaction = "PICKUP"
model_path = "../resources/objects/box/GreenBox.obj"

[node name="CollisionShape3D" type="CollisionShape3D" parent="GreenBox"]
transform = Transform3D(0.99998, 0, 0, 0, 1, 0, 0, 0, 0.99998, -0.086977, 1.00748, -0.00518894)
shape = SubResource("BoxShape3D_qp7ar")

[node name="BluePressurePlate" parent="." instance=ExtResource("7_eiivm")]
transform = Transform3D(1.84583, 0, 0.500505, 0, 1, 0, -0.770008, 0, 1.19979, -5.95121, 69.5279, -13.7948)
script = ExtResource("2_vx6px")
is_static = true
interaction = "NONE"
model_path = "../resources/objects/button/BlueButton.obj"

[node name="CollisionShape3D" type="CollisionShape3D" parent="BluePressurePlate"]
transform = Transform3D(1, 0, 0, 0, 1, 0, 0, 0, 1, 0.0541573, 0.422452, 0.0179381)
shape = SubResource("BoxShape3D_cdqv8")
metadata/isTrigger = true

[node name="RedPressurePlate" parent="." instance=ExtResource("7_eiivm")]
transform = Transform3D(1.84583, 0, 0.500505, 0, 1, 0, -0.770008, 0, 1.19979, -0.0597924, 69.5279, 0.327883)
script = ExtResource("2_vx6px")
is_static = true
interaction = "NONE"
model_path = "../resources/objects/button/RedButton.obj"

[node name="CollisionShape3D" type="CollisionShape3D" parent="RedPressurePlate"]
transform = Transform3D(1, 0, 0, 0, 1, 0, 0, 0, 1, 0.0541573, 0.389828, 0.0179379)
shape = SubResource("BoxShape3D_cdqv8")
metadata/isTrigger = true

[node name="GreenPressurePlate" parent="." instance=ExtResource("7_eiivm")]
transform = Transform3D(1.84583, 0, 0.500505, 0, 1, 0, -0.770008, 0, 1.19979, 6.04527, 69.5279, 14.9627)
script = ExtResource("2_vx6px")
is_static = true
interaction = "NONE"
model_path = "../resources/objects/button/GreenButton.obj"

[node name="CollisionShape3D" type="CollisionShape3D" parent="GreenPressurePlate"]
transform = Transform3D(1, 0, 0, 0, 1, 0, 0, 0, 1, 0.0541573, 0.390437, 0.0179386)
shape = SubResource("BoxShape3D_cdqv8")
metadata/isTrigger = true

[node name="ChickenPressurePlate" parent="." instance=ExtResource("9_576va")]
transform = Transform3D(0.901629, 0, 0.432511, 0, 1, 0, -0.432511, 0, 0.901629, 7.21238, 116.466, -1.73811)
script = ExtResource("2_vx6px")
is_static = true
interaction = "NONE"
model_path = "../resources/objects/pressureplate/PressurePlate.obj"

[node name="CollisionShape3D" type="CollisionShape3D" parent="ChickenPressurePlate"]
transform = Transform3D(1, 0, 0, 0, 1, 0, 0, 0, 1, 0.170395, 0.920989, -0.0715027)
shape = SubResource("BoxShape3D_rg6vh")
metadata/isTrigger = true

[node name="ChickenNote" parent="." instance=ExtResource("10_0eu5p")]
transform = Transform3D(-0.658005, 0.0114748, 0.35972, 0.0100402, -0.748741, 0.0422501, 0.359763, 0.0418832, 0.656747, 9.47811, 118.197, 1.96749)
script = ExtResource("2_vx6px")
is_static = true
interaction = "NONE"
model_path = "../resources/objects/note/ChickenNote.obj"

[node name="CollisionShape3D" type="CollisionShape3D" parent="ChickenNote"]
transform = Transform3D(1, 0, 0, 0, 1, 0, 0, 0, 1, 0.0551758, 0.991051, 0.0229492)
shape = SubResource("BoxShape3D_lj4n0")

[node name="PigPressurePlate" parent="." instance=ExtResource("9_576va")]
transform = Transform3D(0.901629, 0, 0.432511, 0, 1, 0, -0.432511, 0, 0.901629, 2.81804, 116.466, 0.36985)
script = ExtResource("2_vx6px")
is_static = true
interaction = "NONE"
model_path = "../resources/objects/pressureplate/PressurePlate.obj"

[node name="CollisionShape3D" type="CollisionShape3D" parent="PigPressurePlate"]
transform = Transform3D(1, 0, 0, 0, 1, 0, 0, 0, 1, 0.170395, 0.920989, -0.0715027)
shape = SubResource("BoxShape3D_rg6vh")
metadata/isTrigger = true

[node name="PigNote" parent="." instance=ExtResource("10_0eu5p")]
transform = Transform3D(-0.658005, 0.0114748, 0.35972, 0.0100402, -0.748741, 0.0422501, 0.359763, 0.0418832, 0.656747, 5.44971, 118.166, 3.84382)
script = ExtResource("2_vx6px")
is_static = true
interaction = "NONE"
model_path = "../resources/objects/note/PigNote.obj"

[node name="CollisionShape3D" type="CollisionShape3D" parent="PigNote"]
transform = Transform3D(1, 0, 0, 0, 1, 0, 0, 0, 1, 0.0551758, 0.991051, 0.0229492)
shape = SubResource("BoxShape3D_lj4n0")

[node name="SheepPressurePlate" parent="." instance=ExtResource("9_576va")]
transform = Transform3D(0.901629, 0, 0.432511, 0, 1, 0, -0.432511, 0, 0.901629, -1.56417, 116.466, 2.472)
script = ExtResource("2_vx6px")
is_static = true
interaction = "NONE"
model_path = "../resources/objects/pressureplate/PressurePlate.obj"

[node name="CollisionShape3D" type="CollisionShape3D" parent="SheepPressurePlate"]
transform = Transform3D(1, 0, 0, 0, 1, 0, 0, 0, 1, 0.170395, 0.920989, -0.0715027)
shape = SubResource("BoxShape3D_rg6vh")
metadata/isTrigger = true

[node name="SheepNote" parent="." instance=ExtResource("10_0eu5p")]
transform = Transform3D(-0.658005, 0.0114748, 0.35972, 0.0100402, -0.748741, 0.0422501, 0.359763, 0.0418832, 0.656747, 0.841623, 118.131, 5.81143)
script = ExtResource("2_vx6px")
is_static = true
interaction = "NONE"
model_path = "../resources/objects/note/SheepNote.obj"

[node name="CollisionShape3D" type="CollisionShape3D" parent="SheepNote"]
transform = Transform3D(1, 0, 0, 0, 1, 0, 0, 0, 1, 0.0551758, 0.991051, 0.0229492)
shape = SubResource("BoxShape3D_lj4n0")

[node name="CowPressurePlate" parent="." instance=ExtResource("9_576va")]
transform = Transform3D(0.901629, 0, 0.432511, 0, 1, 0, -0.432511, 0, 0.901629, -5.6938, 116.466, 4.45297)
script = ExtResource("2_vx6px")
is_static = true
interaction = "NONE"
model_path = "../resources/objects/pressureplate/PressurePlate.obj"

[node name="CollisionShape3D" type="CollisionShape3D" parent="CowPressurePlate"]
transform = Transform3D(1, 0, 0, 0, 1, 0, 0, 0, 1, 0.170395, 0.920989, -0.0715027)
shape = SubResource("BoxShape3D_rg6vh")
metadata/isTrigger = true

[node name="CowNote" parent="." instance=ExtResource("10_0eu5p")]
transform = Transform3D(-0.658005, 0.0114748, 0.35972, 0.0100402, -0.748742, 0.0422501, 0.359763, 0.0418832, 0.656747, -3.18296, 118.094, 8.04266)
script = ExtResource("2_vx6px")
is_static = true
interaction = "NONE"
model_path = "../resources/objects/note/CowNote.obj"

[node name="CollisionShape3D" type="CollisionShape3D" parent="CowNote"]
transform = Transform3D(1, 0, 0, 0, 1, 0, 0, 0, 1, 0.0551758, 0.991051, 0.0229492)
shape = SubResource("BoxShape3D_lj4n0")

[node name="pinPad" parent="." instance=ExtResource("8_p4ecc")]
transform = Transform3D(0.0380737, 0, -0.999275, 0, 1, 0, 0.999275, 0, 0.0380737, -6.9999, 90.7185, 19.5611)
script = ExtResource("2_vx6px")
is_static = true
interaction = "KEYPAD"
model_path = "../resources/objects/keypad/pinPad.obj"
is_keyPad = true
correctSequence = [3, 1, 2, 1]

[node name="CollisionShape3D" type="CollisionShape3D" parent="pinPad"]
transform = Transform3D(1, 0, 0, 0, 1, 0, 0, 0, 1, -0.0870668, 0.637299, -0.169525)
shape = SubResource("BoxShape3D_vb4ye")

[node name="Note" parent="." instance=ExtResource("13_p4ecc")]
transform = Transform3D(0.768719, 0, -1.84637, 0, 2, 0, 1.84637, 0, 0.768719, 0.101162, 104.906, 0.0113541)
visible = false
script = ExtResource("2_vx6px")
interaction = "PICKUP"
model_path = "../resources/objects/note/Note.obj"

[node name="CollisionShape3D" type="CollisionShape3D" parent="Note"]
transform = Transform3D(1, 0, -1.42109e-14, 0, 1, 0, 1.42109e-14, 0, 1, -0.0907601, 0.334157, 0)
shape = SubResource("BoxShape3D_ks1cf")

[node name="HeavyBox" parent="." instance=ExtResource("9_4x2ic")]
transform = Transform3D(2.7683, 0, 1.15607, 0, 3, 0, -1.15607, 0, 2.7683, 14.5825, 90.3805, 15.3934)
script = ExtResource("2_vx6px")
interaction = "NONE"
model_path = "../resources/objects/box/BrownBox.obj"

[node name="CollisionShape3D" type="CollisionShape3D" parent="HeavyBox"]
transform = Transform3D(1, 0, 0, 0, 1, 0, 0, 0, 1, -0.04565, 0.513908, 0.00640869)
shape = SubResource("BoxShape3D_ggkhe")

[node name="HeavyBox2" parent="." instance=ExtResource("9_4x2ic")]
transform = Transform3D(1.83317, 0, -2.37476, 0, 3, 0, 2.37476, 0, 1.83317, 10.687, 90.3805, 15.4739)
script = ExtResource("2_vx6px")
interaction = "NONE"
model_path = "../resources/objects/box/BrownBox.obj"

[node name="CollisionShape3D" type="CollisionShape3D" parent="HeavyBox2"]
transform = Transform3D(1, 0, 0, 0, 1, 0, 0, 0, 1, -0.04565, 0.513908, 0.00640869)
shape = SubResource("BoxShape3D_ggkhe")

[node name="HeavyBox3" parent="." instance=ExtResource("9_4x2ic")]
transform = Transform3D(2.93146, 0, 0.637605, 0, 3, 0, -0.637605, 0, 2.93146, 13.4163, 93.4649, 15.3232)
script = ExtResource("2_vx6px")
interaction = "NONE"
model_path = "../resources/objects/box/BrownBox.obj"

[node name="CollisionShape3D" type="CollisionShape3D" parent="HeavyBox3"]
transform = Transform3D(1, 0, 0, 0, 1, 0, 0, 0, 1, -0.04565, 0.513908, 0.00640869)
shape = SubResource("BoxShape3D_ggkhe")

[node name="PinPadWall" parent="." instance=ExtResource("10_576va")]
transform = Transform3D(0.169329, 0, 0.0555601, 0, 1.60149, 0, -0.00942247, 0, 0.998455, -7.31049, 90.0175, 19.5278)
script = ExtResource("2_vx6px")
is_static = true
interaction = "NONE"
model_path = "../resources/objects/box/MetalBox.obj"

[node name="CollisionShape3D" type="CollisionShape3D" parent="PinPadWall"]
transform = Transform3D(1, 0, 0, 0, 1, 0, 0, 0, 1, 0.0263062, 1.05844, -0.0152588)
shape = SubResource("BoxShape3D_amo6k")

[node name="SiloHatch" parent="." instance=ExtResource("10_576va")]
transform = Transform3D(2.05951, 0, 1.02606, 0, 0.344434, 0, -1.03722, 0, 2.03735, -4.40337, 116.133, -12.5967)
script = ExtResource("2_vx6px")
is_static = true
interaction = "NONE"
model_path = "../resources/objects/box/MetalBox.obj"

[node name="CollisionShape3D" type="CollisionShape3D" parent="SiloHatch"]
transform = Transform3D(1, 0, 0, 0, 1, 0, 0, 0, 1, 0.0263062, 1.05844, -0.0152588)
shape = SubResource("BoxShape3D_amo6k")

[node name="Floor" parent="." instance=ExtResource("6_eiivm")]
transform = Transform3D(100, 0, 0, 0, 0.1, 0, 0, 0, 100, 6.165, -0.379, 0)
script = ExtResource("2_vx6px")
is_static = true
interaction = "NONE"
model_path = "../resources/objects/box/BlackBox.obj"

[node name="CollisionShape3D" type="CollisionShape3D" parent="Floor"]
transform = Transform3D(1, 0, 0, 0, 1, 0, 0, 0, 1, -0.0460206, -0.894022, 0.0060654)
shape = SubResource("BoxShape3D_ibitd")

[node name="Silo" parent="." instance=ExtResource("7_p4ecc")]
transform = Transform3D(0.7, 0, 0, 0, 0.7, 0, 0, 0, 0.7, 0, 0, 0)
script = ExtResource("2_vx6px")
is_static = true
interaction = "NONE"
model_path = "../resources/objects/silo/Silo.obj"

[node name="CollisionShape3D" type="CollisionShape3D" parent="Silo"]
transform = Transform3D(0.99566, 0, 0.0930657, 0, 1, 0, -0.0930657, 0, 0.99566, -32.7774, 83.5086, 3.00063)
shape = SubResource("BoxShape3D_wos53")

[node name="CollisionShape3D2" type="CollisionShape3D" parent="Silo"]
transform = Transform3D(0.828139, 0, 0.560523, 0, 1, 0, -0.560523, 0, 0.828139, -27.2406, 83.4825, 18.423)
shape = SubResource("BoxShape3D_wos53")

[node name="CollisionShape3D3" type="CollisionShape3D" parent="Silo"]
transform = Transform3D(0.446791, 0, 0.894638, 0, 1, 0, -0.894638, 0, 0.446791, -14.8125, 83.5086, 29.1821)
shape = SubResource("BoxShape3D_wos53")

[node name="CollisionShape3D4" type="CollisionShape3D" parent="Silo"]
transform = Transform3D(-0.0411608, 0, 0.999153, 0, 1, 0, -0.999153, 0, -0.0411608, 1.27736, 83.4825, 32.8048)
shape = SubResource("BoxShape3D_wos53")

[node name="CollisionShape3D5" type="CollisionShape3D" parent="Silo"]
transform = Transform3D(-0.513646, 0, 0.858002, 0, 1, 0, -0.858002, 0, -0.513646, 16.8309, 83.5793, 27.9794)
shape = SubResource("BoxShape3D_wos53")

[node name="CollisionShape3D6" type="CollisionShape3D" parent="Silo"]
transform = Transform3D(-0.863034, 0, 0.505145, 0, 1, 0, -0.505145, 0, -0.863034, 28.3537, 83.5533, 16.329)
shape = SubResource("BoxShape3D_wos53")

[node name="CollisionShape3D7" type="CollisionShape3D" parent="Silo"]
transform = Transform3D(-0.999856, 0, 0.0169464, 0, 1, 0, -0.0169464, 0, -0.999856, 32.6957, 83.5793, 0.474546)
shape = SubResource("BoxShape3D_wos53")

[node name="CollisionShape3D8" type="CollisionShape3D" parent="Silo"]
transform = Transform3D(-0.883553, 0, -0.468331, 0, 1, 0, 0.468331, 0, -0.883553, 29.0198, 83.5533, -15.6032)
shape = SubResource("BoxShape3D_wos53")

[node name="CollisionShape3D9" type="CollisionShape3D" parent="Silo"]
transform = Transform3D(-0.556093, 0, -0.83112, 0, 1, 0, 0.83112, 0, -0.556093, 18.0515, 83.511, -26.6202)
shape = SubResource("BoxShape3D_wos53")

[node name="CollisionShape3D10" type="CollisionShape3D" parent="Silo"]
transform = Transform3D(-0.0877469, 0, -0.996143, 0, 1, 0, 0.996143, 0, -0.0877469, 2.31972, 83.485, -32.3108)
shape = SubResource("BoxShape3D_wos53")

[node name="CollisionShape3D11" type="CollisionShape3D" parent="Silo"]
transform = Transform3D(0.454644, 0, -0.890674, 0, 1, 0, 0.890674, 0, 0.454644, -14.074, 83.511, -29.4651)
shape = SubResource("BoxShape3D_wos53")

[node name="CollisionShape3D12" type="CollisionShape3D" parent="Silo"]
transform = Transform3D(0.801076, 0, -0.598562, 0, 1, 0, 0.598562, 0, 0.801076, -26.9, 83.485, -18.4995)
shape = SubResource("BoxShape3D_wos53")

[node name="CollisionShape3D13" type="CollisionShape3D" parent="Silo"]
transform = Transform3D(0.989729, 0, -0.142957, 0, 1, 0, 0.142957, 0, 0.989729, -32.9713, 83.5818, -3.38864)
shape = SubResource("BoxShape3D_wos53")

[node name="CollisionShape3D48" type="CollisionShape3D" parent="Silo"]
transform = Transform3D(0.312931, 0.766738, 0.560523, -0.925858, 0.377873, 0, -0.211807, -0.518964, 0.828139, -28.434, 166.871, 16.234)
shape = SubResource("BoxShape3D_jwwhv")

[node name="CollisionShape3D49" type="CollisionShape3D" parent="Silo"]
transform = Transform3D(0.16883, 0.413665, 0.894638, -0.925857, 0.377873, 2.98023e-08, -0.33806, -0.828308, 0.446791, -14.8125, 167.482, 29.1821)
shape = SubResource("BoxShape3D_wos53")

[node name="CollisionShape3D50" type="CollisionShape3D" parent="Silo"]
transform = Transform3D(-0.0155536, -0.038109, 0.999153, -0.925858, 0.377873, 0, -0.377553, -0.925073, -0.0411608, 1.27736, 167.456, 32.8048)
shape = SubResource("BoxShape3D_wos53")

[node name="CollisionShape3D51" type="CollisionShape3D" parent="Silo"]
transform = Transform3D(-0.194093, -0.475563, 0.858002, -0.925857, 0.377873, 1.49012e-08, -0.324216, -0.794388, -0.513646, 16.8309, 167.553, 27.9794)
shape = SubResource("BoxShape3D_wos53")

[node name="CollisionShape3D52" type="CollisionShape3D" parent="Silo"]
transform = Transform3D(-0.326117, -0.799047, 0.505145, -0.925857, 0.377873, 0, -0.190881, -0.467692, -0.863034, 28.3537, 167.527, 16.329)
shape = SubResource("BoxShape3D_wos53")

[node name="CollisionShape3D53" type="CollisionShape3D" parent="Silo"]
transform = Transform3D(-0.377819, -0.925724, 0.0169464, -0.925857, 0.377873, -4.65661e-10, -0.00640359, -0.01569, -0.999856, 32.6957, 167.553, 0.474546)
shape = SubResource("BoxShape3D_wos53")

[node name="CollisionShape3D54" type="CollisionShape3D" parent="Silo"]
transform = Transform3D(-0.333871, -0.818044, -0.468331, -0.925857, 0.377873, -1.49012e-08, 0.17697, 0.433608, -0.883553, 29.0198, 167.527, -15.6032)
shape = SubResource("BoxShape3D_wos53")

[node name="CollisionShape3D55" type="CollisionShape3D" parent="Silo"]
transform = Transform3D(-0.210133, -0.514863, -0.83112, -0.925857, 0.377873, -2.98023e-08, 0.314058, 0.769499, -0.556093, 18.0515, 167.485, -26.6202)
shape = SubResource("BoxShape3D_wos53")

[node name="CollisionShape3D56" type="CollisionShape3D" parent="Silo"]
transform = Transform3D(-0.0331572, -0.0812411, -0.996143, -0.925858, 0.377873, -9.31323e-09, 0.376416, 0.922286, -0.0877469, 2.31972, 167.459, -32.3108)
shape = SubResource("BoxShape3D_wos53")

[node name="CollisionShape3D57" type="CollisionShape3D" parent="Silo"]
transform = Transform3D(0.171798, 0.420935, -0.890674, -0.925858, 0.377873, 0, 0.336562, 0.824637, 0.454644, -14.074, 167.485, -29.4651)
shape = SubResource("BoxShape3D_wos53")

[node name="CollisionShape3D58" type="CollisionShape3D" parent="Silo"]
transform = Transform3D(0.302705, 0.741682, -0.598562, -0.925857, 0.377873, 2.98023e-08, 0.22618, 0.554183, 0.801076, -26.9, 167.459, -18.4995)
shape = SubResource("BoxShape3D_wos53")

[node name="CollisionShape3D59" type="CollisionShape3D" parent="Silo"]
transform = Transform3D(0.373992, 0.916348, -0.142957, -0.925857, 0.377873, -7.45058e-09, 0.0540196, 0.132358, 0.989729, -32.9713, 167.556, -3.38864)
shape = SubResource("BoxShape3D_wos53")

[node name="CollisionShape3D14" type="CollisionShape3D" parent="Silo"]
transform = Transform3D(0.446791, 0, 0.894638, 0, 1, 0, -0.894638, 0, 0.446791, -12.915, 11.6197, 24.1753)
shape = SubResource("BoxShape3D_kgqac")

[node name="CollisionShape3D15" type="CollisionShape3D" parent="Silo"]
transform = Transform3D(0.806383, 0, 0.591394, 0, 1, 0, -0.591394, 0, 0.806383, -25.8813, 20.7581, 14.4512)
shape = SubResource("BoxShape3D_vx6px")

[node name="CollisionShape3D16" type="CollisionShape3D" parent="Silo"]
transform = Transform3D(0.976687, 0, 0.214667, 0, 1, 0, -0.214667, 0, 0.976687, -28.902, 20.7581, 5.70125)
shape = SubResource("BoxShape3D_oyhbj")

[node name="CollisionShape3D23" type="CollisionShape3D" parent="Silo"]
transform = Transform3D(0.976687, 0, 0.214667, 0, 1, 0, -0.214667, 0, 0.976687, -26.4731, 52.5013, 5.47324)
shape = SubResource("BoxShape3D_lgjvw")

[node name="CollisionShape3D25" type="CollisionShape3D" parent="Silo"]
transform = Transform3D(0.964331, 0, -0.264698, 0, 1, 0, 0.264698, 0, 0.964331, -27.8102, 69.9689, -8.39023)
shape = SubResource("BoxShape3D_n8hyc")

[node name="CollisionShape3D26" type="CollisionShape3D" parent="Silo"]
transform = Transform3D(0.877423, 0, -0.479718, 0, 1, 0, 0.479718, 0, 0.877423, -26.5253, 79.8148, -14.2083)
shape = SubResource("BoxShape3D_n8hyc")

[node name="CollisionShape3D27" type="CollisionShape3D" parent="Silo"]
transform = Transform3D(0.832728, 0, -0.553682, 0, 1, 0, 0.553682, 0, 0.832728, -23.6691, 89.3318, -19.7126)
shape = SubResource("BoxShape3D_n8hyc")

[node name="CollisionShape3D31" type="CollisionShape3D" parent="Silo"]
transform = Transform3D(-0.94574, 0, -0.324925, 0, 1, 0, 0.324925, 0, -0.94574, 29.1178, 109.226, -8.72245)
shape = SubResource("BoxShape3D_n8hyc")

[node name="CollisionShape3D32" type="CollisionShape3D" parent="Silo"]
transform = Transform3D(-0.997644, 0, 0.0686073, 0, 1, 0, -0.0686073, 0, -0.997644, 31.9879, 119.009, 3.21866)
shape = SubResource("BoxShape3D_n8hyc")

[node name="CollisionShape3D33" type="CollisionShape3D" parent="Silo"]
transform = Transform3D(-0.799181, 0, 0.60109, 0, 1, 0, -0.60109, 0, -0.799181, 18.7168, 128.528, 24.4211)
shape = SubResource("BoxShape3D_eiivm")

[node name="CollisionShape3D35" type="CollisionShape3D" parent="Silo"]
transform = Transform3D(0.146791, 0, 0.989168, 0, 1, 0, -0.989168, 0, 0.146791, 1.55207, 128.253, 30.4352)
shape = SubResource("BoxShape3D_eiivm")

[node name="CollisionShape3D36" type="CollisionShape3D" parent="Silo"]
transform = Transform3D(-0.38407, 0, 0.923304, 0, 1, 0, -0.923304, 0, -0.38407, 10.5662, 128.253, 25.031)
shape = SubResource("BoxShape3D_eiivm")

[node name="CollisionShape3D37" type="CollisionShape3D" parent="Silo"]
transform = Transform3D(-0.422065, 0, 0.906566, 0, 1, 0, -0.906566, 0, -0.422065, 11.1708, 147.783, 26.8741)
shape = SubResource("BoxShape3D_p4ecc")

[node name="CollisionShape3D41" type="CollisionShape3D" parent="Silo"]
transform = Transform3D(-0.490494, 0, 0.871445, 0, 1, 0, -0.871445, 0, -0.490494, 22.2588, 142.823, 21.701)
shape = SubResource("BoxShape3D_lv4m7")

[node name="CollisionShape3D42" type="CollisionShape3D" parent="Silo"]
transform = Transform3D(-0.239568, 0, 0.97088, 0, 1, 0, -0.97088, 0, -0.239568, -0.0506892, 143.036, 32.0058)
shape = SubResource("BoxShape3D_lv4m7")

[node name="CollisionShape3D40" type="CollisionShape3D" parent="Silo"]
transform = Transform3D(-0.422065, 0, 0.906566, 0, 1, 0, -0.906566, 0, -0.422065, 8.72723, 133.722, 20.8304)
shape = SubResource("BoxShape3D_k7hc1")

[node name="CollisionShape3D43" type="CollisionShape3D" parent="Silo"]
transform = Transform3D(-0.422065, 0, 0.906566, 0, 1, 0, -0.906566, 0, -0.422065, 8.72723, 142.742, 20.8304)
shape = SubResource("BoxShape3D_k7hc1")

[node name="CollisionShape3D38" type="CollisionShape3D" parent="Silo"]
transform = Transform3D(-0.310328, 0, 0.95063, 0, 1, 0, -0.95063, 0, -0.310328, -8.4629, 157.78, -27.5598)
shape = SubResource("BoxShape3D_t0ole")

[node name="CollisionShape3D39" type="CollisionShape3D" parent="Silo"]
transform = Transform3D(-0.378084, 0.0625062, 0.923659, 0.200791, 0.979505, 0.0159048, -0.903734, 0.191476, -0.382886, 1.51755, 152.775, 0.740084)
shape = SubResource("BoxShape3D_hxl1v")

[node name="CollisionShape3D34" type="CollisionShape3D" parent="Silo"]
transform = Transform3D(-0.510168, 0, 0.860075, 0, 1, 0, -0.860075, 0, -0.510168, 27.7861, 128.528, 10.0727)
shape = SubResource("BoxShape3D_6x4ax")

[node name="CollisionShape3D28" type="CollisionShape3D" parent="Silo"]
transform = Transform3D(0.382683, 0, -0.923879, 0, 1, 0, 0.923879, 0, 0.382683, 0.280899, 99.2308, 0.873098)
shape = SubResource("BoxShape3D_qw01e")

[node name="CollisionShape3D44" type="CollisionShape3D" parent="Silo"]
transform = Transform3D(0.444181, 0, -0.895936, 0, 1, 0, 0.895936, 0, 0.444181, 19.8368, 166.042, -9.78539)
shape = SubResource("BoxShape3D_spo3q")

[node name="CollisionShape3D45" type="CollisionShape3D" parent="Silo"]
transform = Transform3D(0.444181, 0, -0.895936, 0, 1, 0, 0.895936, 0, 0.444181, -15.3894, 166.004, 7.67885)
shape = SubResource("BoxShape3D_spo3q")

[node name="CollisionShape3D46" type="CollisionShape3D" parent="Silo"]
transform = Transform3D(0.444181, 0, -0.895936, 0, 1, 0, 0.895936, 0, 0.444181, 5.92146, 166.171, 7.59497)
shape = SubResource("BoxShape3D_hka4g")

[node name="CollisionShape3D47" type="CollisionShape3D" parent="Silo"]
transform = Transform3D(0.444181, 0, -0.895936, 0, 1, 0, 0.895936, 0, 0.444181, -19.3479, 166.174, -43.3747)
shape = SubResource("BoxShape3D_hka4g")

[node name="CollisionShape3D29" type="CollisionShape3D" parent="Silo"]
transform = Transform3D(0.382683, 0, -0.923879, 0, 1, 0, 0.923879, 0, 0.382683, 11.4177, 100.532, -3.9194)
shape = SubResource("BoxShape3D_7v052")

[node name="CollisionShape3D30" type="CollisionShape3D" parent="Silo"]
transform = Transform3D(0.382683, 0, -0.923879, 0, 1, 0, 0.923879, 0, 0.382683, -3.49161, 100.532, 23.3323)
shape = SubResource("BoxShape3D_7v052")

[node name="CollisionShape3D18" type="CollisionShape3D" parent="Silo"]
transform = Transform3D(0.683142, -0.163305, -0.711792, -0.00496808, 0.973615, -0.228143, 0.730269, 0.15939, 0.664306, -15.8141, 26.06, -7.29817)
shape = SubResource("BoxShape3D_6j65p")

[node name="CollisionShape3D19" type="CollisionShape3D" parent="Silo"]
transform = Transform3D(0.683142, -0.671355, -0.287401, -0.00496808, 0.389265, -0.921112, 0.730269, 0.630678, 0.262588, 2.50237, 31.1856, -24.3345)
shape = SubResource("BoxShape3D_wxxye")

[node name="CollisionShape3D17" type="CollisionShape3D" parent="Silo"]
transform = Transform3D(-0.270718, 0, -0.962659, 0, 1, 0, 0.962659, 0, -0.270718, 8.81727, 31.0162, -26.3134)
shape = SubResource("BoxShape3D_j4w2w")

[node name="CollisionShape3D20" type="CollisionShape3D" parent="Silo"]
transform = Transform3D(-0.727761, 0, -0.685831, 0, 1, 0, 0.685831, 0, -0.727761, 21.9114, 40.6975, -18.1917)
shape = SubResource("BoxShape3D_khuaj")

[node name="CollisionShape3D21" type="CollisionShape3D" parent="Silo"]
transform = Transform3D(-0.948562, 0, -0.316593, 0, 1, 0, 0.316593, 0, -0.948562, 29.6587, 50.4079, -8.89596)
shape = SubResource("BoxShape3D_i0oet")

[node name="CollisionShape3D24" type="CollisionShape3D" parent="Silo"]
transform = Transform3D(-0.291003, 0, 0.956722, 0, 1, 0, -0.956722, 0, -0.291003, 8.36949, 60.4226, 27.2195)
shape = SubResource("BoxShape3D_i0oet")

[node name="CollisionShape3D22" type="CollisionShape3D" parent="Silo"]
transform = Transform3D(-0.926588, 0.192324, -0.323183, 0.202748, 0.97923, 0.00144024, 0.316747, -0.0641902, -0.946336, 1.75468, 55.3676, -1.13652)
shape = SubResource("BoxShape3D_mirh3")
